
test: 2021-04-21T00:08:42.533005Z
admin: 2021-04-21T00:08:50.652752Z
test: 2021-04-21T00:13:58.531470Z  -UTC
